1187 1 1188
1188 2 1189
1189 3 1190
1190 4 1191
1191 5 1192
1192 6 1193
1193 1 1184
1184 2 1185
1185 3 1186
1186 4 1187
1187 5 1188
1188 6 1189
1189 1 1190
1190 2 1177
1177 3 1178
1178 4 1179
1179 5 1180
1180 6 1181
1181 1 1182
1182 2 1183
1183 3 1165
1165 4 1166
1166 5 1167
1167 6 1168
1168 1 1169
1169 2 1170
1170 3 1171
1171 4 1128
1128 5 1129
1129 6 1130
1130 1 1131
1131 2 1132
1132 3 1133
1133 4 1134
1134 5 1073
1073 6 1074
1074 1 1075
1075 2 1076
1076 3 1077
1077 4 1078
1078 5 1079
1079 6 1009
1009 1 1010
1010 2 1011
1011 3 1012
1012 4 1013
1013 5 1014
1014 6 1015
1015 1 946
946 2 947
947 3 948
948 4 949
949 5 950
950 6 951
951 1 952
952 2 886
886 3 887
887 4 888
888 5 889
889 6 890
890 1 891
891 2 892
892 3 852
852 4 853
853 5 854
854 6 855
855 1 856
856 2 857
857 3 858
858 4 834
834 5 835
835 6 836
836 1 837
837 2 838
838 3 839
839 4 840
840 5 829
829 6 830
830 1 831
831 2 832
832 3 833
833 4 834
834 5 835
835 6 836
836 1 837
837 2 838
838 3 839
839 4 840
840 5 841
841 6 842
842 1 851
851 2 852
852 3 853
853 4 854
854 5 855
855 6 856
856 1 857
857 2 878
878 3 879
879 4 880
880 5 881
881 6 882
882 1 883
883 2 884
884 3 904
904 4 905
905 5 906
906 6 907
907 1 908
908 2 909
909 3 910
910 4 925
925 5 926
926 6 927
927 1 928
928 2 929
929 3 930
930 4 931
931 5 911
911 6 912
912 1 913
913 2 914
914 3 915
915 4 916
916 5 917
917 6 878
878 1 879
879 2 880
880 3 881
881 4 882
882 5 883
883 6 884
884 1 808
808 2 809
809 3 810
810 4 811
811 5 812
812 6 813
813 1 814
814 2 714
714 3 715
715 4 716
716 5 717
717 6 718
718 1 719
719 2 720
720 3 605
605 4 606
606 5 607
607 6 608
608 1 609
609 2 610
610 3 611
611 4 483
483 5 484
484 6 485
485 1 486
486 2 487
487 3 488
488 4 489
489 5 361
361 6 362
362 1 363
363 2 364
364 3 365
365 4 366
366 5 367
367 6 240
240 1 241
241 2 242
242 3 243
243 4 244
244 5 245
245 6 246
246 1 146
146 2 147
147 3 148
148 4 149
149 5 150
150 6 151
151 1 152
152 2 98
98 3 99
99 4 100
100 5 101
101 6 102
102 1 103
103 2 104
104 3 81
81 4 82
82 5 83
83 6 84
84 1 85
85 2 86
86 3 87
87 4 105
105 5 106
106 6 107
107 1 108
108 2 109
109 3 110
110 4 111
111 5 185
185 6 186
186 1 187
187 2 188
188 3 189
189 4 190
190 5 191
191 6 303
303 1 304
304 2 305
305 3 306
306 4 307
307 5 308
308 6 309
309 1 457
457 2 458
458 3 459
459 4 460
460 5 461
461 6 462
462 1 463
463 2 662
662 3 663
663 4 664
664 5 665
665 6 666
666 1 667
667 2 668
668 3 901
901 4 902
902 5 903
903 6 904
904 1 905
905 2 906
906 3 907
907 4 1172
1172 5 1173
1173 6 1174
1174 1 1175
1175 2 1176
1176 3 1177
1177 4 1178
1178 5 1426
1426 6 1427
1427 1 1428
1428 2 1429
1429 3 1430
1430 4 1431
1431 5 1432
1432 6 1668
1668 1 1669
1669 2 1670
1670 3 1671
1671 4 1672
1672 5 1673
1673 6 1674
1674 1 1859
1859 2 1860
1860 3 1861
1861 4 1862
1862 5 1863
1863 6 1864
1864 1 1865
1865 2 1983
1983 3 1984
1984 4 1985
1985 5 1986
1986 6 1987
1987 1 1988
1988 2 1989
1989 3 2063
2063 4 2064
2064 5 2065
2065 6 2066
2066 1 2067
2067 2 2068
2068 3 2069
2069 4 2081
2081 5 2082
2082 6 2083
2083 1 2084
2084 2 2085
2085 3 2086
2086 4 2087
2087 5 2045
2045 6 2046
2046 1 2047
2047 2 2048
2048 3 2049
2049 4 2050
2050 5 2051
2051 6 1974
1974 1 1975
1975 2 1976
1976 3 1977
1977 4 1978
1978 5 1979
1979 6 1980
1980 1 1830
1830 2 1831
1831 3 1832
1832 4 1833
1833 5 1834
1834 6 1835
1835 1 1836
1836 2 1640
1640 3 1641
1641 4 1642
1642 5 1643
1643 6 1644
1644 1 1645
1645 2 1646
1646 3 1420
1420 4 1421
1421 5 1422
1422 6 1423
1423 1 1424
1424 2 1425
1425 3 1426
1426 4 1173
1173 5 1174
1174 6 1175
1175 1 1176
1176 2 1177
1177 3 1178
1178 4 1179
1179 5 920
920 6 921
921 1 922
922 2 923
923 3 924
924 4 925
925 5 926
926 6 662
662 1 663
663 2 664
664 3 665
665 4 666
666 5 667
667 6 668
668 1 450
450 2 451
451 3 452
452 4 453
453 5 454
454 6 455
455 1 456
456 2 244
244 3 245
245 4 246
246 5 247
247 6 248
248 1 249
249 2 250
250 3 109
109 4 110
110 5 111
111 6 112
112 1 113
113 2 114
114 3 115
115 4 18
18 5 19
19 6 20
20 1 21
21 2 22
22 3 23
23 4 24
24 5 -3
-3 6 -2
-2 1 -1
-1 2 0
0 3 1
1 4 2
2 5 3
3 6 38
38 1 39
39 2 40
40 3 41
41 4 42
42 5 43
43 6 44
44 1 119
119 2 120
120 3 121
121 4 122
122 5 123
123 6 124
124 1 125
125 2 272
272 3 273
273 4 274
274 5 275
275 6 276
276 1 277
277 2 278
278 3 483
483 4 484
484 5 485
485 6 486
486 1 487
487 2 488
488 3 489
489 4 732
732 5 733
733 6 734
734 1 735
735 2 736
736 3 737
737 4 738
738 5 1066
1066 6 1067
1067 1 1068
1068 2 1069
1069 3 1070
1070 4 1071
1071 5 1072
1072 6 1429
1429 1 1430
1430 2 1431
1431 3 1432
1432 4 1433
1433 5 1434
1434 6 1435
1435 1 1811
1811 2 1812
1812 3 1813
1813 4 1814
1814 5 1815
1815 6 1816
1816 1 1817
1817 2 2147
2147 3 2148
2148 4 2149
2149 5 2150
2150 6 2151
2151 1 2152
2152 2 2153
2153 3 2377
2377 4 2378
2378 5 2379
2379 6 2380
2380 1 2381
2381 2 2382
2382 3 2383
2383 4 287
287 5 288
288 6 289
289 1 290
290 2 291
291 3 292
292 4 293
293 5 320
320 6 321
321 1 322
322 2 323
323 3 324
324 4 325
325 5 326
326 6 320
320 1 321
321 2 322
322 3 323
323 4 324
324 5 325
325 6 326
326 1 320
320 2 321
321 3 322
322 4 323
323 5 324
324 6 325
325 1 326
326 2 320
320 3 321
321 4 322
322 5 323
323 6 324
324 1 325
325 2 326
326 3 299
299 4 300
300 5 301
301 6 302
302 1 303
303 2 304
304 3 305
305 4 275
275 5 276
276 6 277
277 1 278
278 2 279
279 3 280
280 4 281
281 5 248
248 6 249
249 1 250
250 2 251
251 3 252
252 4 253
253 5 254
254 6 205
205 1 206
206 2 207
207 3 208
208 4 209
209 5 210
210 6 211
211 1 153
153 2 154
154 3 155
155 4 156
156 5 157
157 6 158
158 1 159
159 2 94
94 3 95
95 4 96
96 5 97
97 6 98
98 1 99
99 2 100
100 3 61
61 4 62
62 5 63
63 6 64
64 1 65
65 2 66
66 3 67
67 4 52
52 5 53
53 6 54
54 1 55
55 2 56
56 3 57
57 4 58
58 5 58
58 6 59
59 1 60
60 2 61
61 3 62
62 4 63
63 5 64
64 6 76
76 1 77
77 2 78
78 3 79
79 4 80
80 5 81
81 6 82
82 1 121
121 2 122
122 3 123
123 4 124
124 5 125
125 6 126
126 1 127
127 2 184
184 3 185
185 4 186
186 5 187
187 6 188
188 1 189
189 2 190
190 3 250
250 4 251
251 5 252
252 6 253
253 1 254
254 2 255
255 3 256
256 4 313
313 5 314
314 6 315
315 1 316
316 2 317
317 3 318
318 4 319
319 5 346
346 6 347
347 1 348
348 2 349
349 3 350
350 4 351
351 5 352
352 6 359
359 1 360
360 2 361
361 3 362
362 4 363
363 5 364
364 6 365
365 1 359
359 2 360
360 3 361
361 4 362
362 5 363
363 6 364
364 1 365
365 2 353
353 3 354
354 4 355
355 5 356
356 6 357
357 1 358
358 2 359
359 3 339
339 4 340
340 5 341
341 6 342
342 1 343
343 2 344
344 3 345
345 4 323
323 5 324
324 6 325
325 1 326
326 2 327
327 3 328
328 4 329
329 5 308
308 6 309
309 1 310
310 2 311
311 3 312
312 4 313
313 5 314
314 6 308
308 1 309
309 2 310
310 3 311
311 4 312
312 5 313
313 6 314
314 1 308
308 2 309
309 3 310
310 4 311
311 5 312
312 6 313
313 1 314
314 2 325
325 3 326
326 4 327
327 5 328
328 6 329
329 1 330
330 2 331
331 3 345
345 4 346
346 5 347
347 6 348
348 1 349
349 2 350
350 3 351
351 4 375
375 5 376
376 6 377
377 1 378
378 2 379
379 3 380
380 4 381
381 5 597
597 6 598
598 1 599
599 2 600
600 3 601
601 4 602
602 5 603
603 6 603
603 1 604
604 2 605
605 3 606
606 4 607
607 5 608
608 6 609
609 1 583
583 2 584
584 3 585
585 4 586
586 5 587
587 6 588
588 1 589
589 2 553
553 3 554
554 4 555
555 5 556
556 6 557
557 1 558
558 2 559
559 3 520
520 4 521
521 5 522
522 6 523
523 1 524
524 2 525
525 3 526
526 4 486
486 5 487
487 6 488
488 1 489
489 2 490
490 3 491
491 4 492
492 5 452
452 6 453
453 1 454
454 2 455
455 3 456
456 4 457
457 5 458
458 6 445
445 1 446
446 2 447
447 3 448
448 4 449
449 5 450
450 6 451
451 1 458
458 2 459
459 3 460
460 4 461
461 5 462
462 6 463
463 1 464
464 2 485
485 3 486
486 4 487
487 5 488
488 6 489
489 1 490
490 2 491
491 3 523
523 4 524
524 5 525
525 6 526
526 1 527
527 2 528
528 3 529
529 4 561
561 5 562
562 6 563
563 1 564
564 2 565
565 3 566
566 4 567
567 5 599
599 6 600
600 1 601
601 2 602
602 3 603
603 4 604
604 5 605
605 6 626
626 1 627
627 2 628
628 3 629
629 4 630
630 5 631
631 6 632
632 1 645
645 2 646
646 3 647
647 4 648
648 5 649
649 6 650
650 1 651
651 2 640
640 3 641
641 4 642
642 5 643
643 6 644
644 1 645
645 2 646
646 3 635
635 4 636
636 5 637
637 6 638
638 1 639
639 2 640
640 3 641
641 4 624
624 5 625
625 6 626
626 1 627
627 2 628
628 3 629
629 4 630
630 5 602
602 6 603
603 1 604
604 2 605
605 3 606
606 4 607
607 5 608
608 6 573
573 1 574
574 2 575
575 3 576
576 4 577
577 5 578
578 6 579
579 1 582
582 2 583
583 3 584
584 4 585
585 5 586
586 6 587
587 1 588
588 2 588
588 3 589
589 4 590
590 5 591
591 6 592
592 1 593
593 2 594
594 3 593
593 4 594
594 5 595
595 6 596
596 1 597
597 2 598
598 3 599
599 4 598
598 5 599
599 6 600
600 1 601
601 2 602
602 3 603
603 4 604
604 5 606
606 6 607
607 1 608
608 2 609
609 3 610
610 4 611
611 5 612
612 6 673
673 1 674
674 2 675
675 3 676
676 4 677
677 5 678
678 6 679
679 1 684
684 2 685
685 3 686
686 4 687
687 5 688
688 6 689
689 1 690
690 2 684
684 3 685
685 4 686
686 5 687
687 6 688
688 1 689
689 2 690
690 3 684
684 4 685
685 5 686
686 6 687
687 1 688
688 2 689
689 3 690
690 4 684
684 5 685
685 6 686
686 1 687
687 2 688
688 3 689
689 4 690
690 5 684
684 6 685
685 1 686
686 2 687
687 3 688
688 4 689
689 5 690
690 6 679
679 1 680
680 2 681
681 3 682
682 4 683
683 5 684
684 6 685
685 1 679
679 2 680
680 3 681
681 4 682
682 5 683
683 6 684
684 1 685
685 2 679
679 3 680
680 4 681
681 5 682
682 6 683
683 1 684
684 2 685
685 3 679
679 4 680
680 5 681
681 6 682
682 1 683
683 2 684
684 3 685
685 4 689
689 5 690
690 6 691
691 1 692
692 2 693
693 3 694
694 4 695
695 5 697
697 6 698
698 1 699
699 2 700
700 3 701
701 4 702
702 5 703
703 6 710
710 1 711
711 2 712
712 3 713
713 4 714
714 5 715
715 6 716
716 1 726
726 2 727
727 3 728
728 4 729
729 5 730
730 6 731
731 1 732
732 2 746
746 3 747
747 4 748
748 5 749
749 6 750
750 1 751
751 2 752
752 3 766
766 4 767
767 5 768
768 6 769
769 1 770
770 2 771
771 3 772
772 4 788
788 5 789
789 6 790
790 1 791
791 2 792
792 3 793
793 4 794
794 5 812
812 6 813
813 1 814
814 2 815
815 3 816
816 4 817
817 5 818
818 6 835
835 1 836
836 2 837
837 3 838
838 4 839
839 5 840
840 6 841
841 1 846
846 2 847
847 3 848
848 4 849
849 5 850
850 6 851
851 1 852
852 2 846
846 3 847
847 4 848
848 5 849
849 6 850
850 1 851
851 2 852
852 3 846
846 4 847
847 5 848
848 6 849
849 1 850
850 2 851
851 3 852
852 4 830
830 5 831
831 6 832
832 1 833
833 2 834
834 3 835
835 4 836
836 5 815
815 6 816
816 1 817
817 2 818
818 3 819
819 4 820
820 5 821
821 6 810
810 1 811
811 2 812
812 3 813
813 4 814
814 5 815
815 6 816
816 1 810
810 2 811
811 3 812
812 4 813
813 5 814
814 6 815
815 1 816
816 2 831
831 3 832
832 4 833
833 5 834
834 6 835
835 1 836
836 2 837
837 3 869
869 4 870
870 5 871
871 6 872
872 1 873
873 2 874
874 3 875
875 4 907
907 5 908
908 6 909
909 1 910
910 2 911
911 3 912
912 4 913
913 5 950
950 6 951
951 1 952
952 2 953
953 3 954
954 4 955
955 5 956
956 6 992
992 1 993
993 2 994
994 3 995
995 4 996
996 5 997
997 6 998
998 1 1031
1031 2 1032
1032 3 1033
1033 4 1034
1034 5 1035
1035 6 1036
1036 1 1037
1037 2 1060
1060 3 1061
1061 4 1062
1062 5 1063
1063 6 1064
1064 1 1065
1065 2 1066
1066 3 1067
1067 4 1068
1068 5 1069
1069 6 1070
1070 1 1071
1071 2 1072
1072 3 1073
1073 4 1059
1059 5 1060
1060 6 1061
1061 1 1062
1062 2 1063
1063 3 1064
1064 4 1065
1065 5 1041
1041 6 1042
1042 1 1043
1043 2 1044
1044 3 1045
1045 4 1046
1046 5 1047
1047 6 1013
1013 1 1014
1014 2 1015
1015 3 1016
1016 4 1017
1017 5 1018
1018 6 1019
1019 1 977
977 2 978
978 3 979
979 4 980
980 5 981
981 6 982
982 1 983
983 2 947
947 3 948
948 4 949
949 5 950
950 6 951
951 1 952
952 2 953
953 3 917
917 4 918
918 5 919
919 6 920
920 1 921
921 2 922
922 3 923
923 4 910
910 5 911
911 6 912
912 1 913
913 2 914
914 3 915
915 4 916
916 5 918
918 6 919
919 1 920
920 2 921
921 3 922
922 4 923
923 5 924
924 6 957
957 1 958
958 2 959
959 3 960
960 4 961
961 5 962
962 6 963
963 1 1011
1011 2 1012
1012 3 1013
1013 4 1014
1014 5 1015
1015 6 1016
1016 1 1017
1017 2 1074
1074 3 1075
1075 4 1076
1076 5 1077
1077 6 1078
1078 1 1079
1079 2 1080
1080 3 1141
1141 4 1142
1142 5 1143
1143 6 1144
1144 1 1145
1145 2 1146
1146 3 1147
1147 4 1209
1209 5 1210
1210 6 1211
1211 1 1212
1212 2 1213
1213 3 1214
1214 4 1215
1215 5 1132
1132 6 1133
1133 1 1134
1134 2 1135
1135 3 1136
1136 4 1137
1137 5 1138
1138 6 998
998 1 999
999 2 1000
1000 3 1001
1001 4 1002
1002 5 1003
1003 6 1004
1004 1 934
934 2 935
935 3 936
936 4 937
937 5 938
938 6 939
939 1 940
940 2 872
872 3 873
873 4 874
874 5 875
875 6 876
876 1 877
877 2 878
878 3 813
813 4 814
814 5 815
815 6 816
816 1 817
817 2 818
818 3 819
819 4 756
756 5 757
757 6 758
758 1 759
759 2 760
760 3 761
761 4 762
762 5 706
706 6 707
707 1 708
708 2 709
709 3 710
710 4 711
711 5 712
712 6 654
654 1 655
655 2 656
656 3 657
657 4 658
658 5 659
659 6 660
660 1 599
599 2 600
600 3 601
601 4 602
602 5 603
603 6 604
604 1 605
605 2 549
549 3 550
550 4 551
551 5 552
552 6 553
553 1 554
554 2 555
555 3 529
529 4 530
530 5 531
531 6 532
532 1 533
533 2 534
534 3 535
535 4 529
529 5 530
530 6 531
531 1 532
532 2 533
533 3 534
534 4 535
535 5 572
572 6 573
573 1 574
574 2 575
575 3 576
576 4 577
577 5 578
578 6 638
638 1 639
639 2 640
640 3 641
641 4 642
642 5 643
643 6 644
644 1 719
719 2 720
720 3 721
721 4 722
722 5 723
723 6 724
724 1 725
725 2 815
815 3 816
816 4 817
817 5 818
818 6 819
819 1 820
820 2 821
821 3 917
917 4 918
918 5 919
919 6 920
920 1 921
921 2 922
922 3 923
923 4 1007
1007 5 1008
1008 6 1009
1009 1 1010
1010 2 1011
1011 3 1012
1012 4 1013
1013 5 1086
1086 6 1087
1087 1 1088
1088 2 1089
1089 3 1090
1090 4 1091
1091 5 1092
1092 6 1129
1129 1 1130
1130 2 1131
1131 3 1132
1132 4 1133
1133 5 1134
1134 6 1135
1135 1 1143
1143 2 1144
1144 3 1145
1145 4 1146
1146 5 1147
1147 6 1148
1148 1 1149
1149 2 1138
1138 3 1139
1139 4 1140
1140 5 1141
1141 6 1142
1142 1 1143
1143 2 1144
1144 3 1115
1115 4 1116
1116 5 1117
1117 6 1118
1118 1 1119
1119 2 1120
1120 3 1121
1121 4 1071
1071 5 1072
1072 6 1073
1073 1 1074
1074 2 1075
1075 3 1076
1076 4 1077
1077 5 1013
1013 6 1014
1014 1 1015
1015 2 1016
1016 3 1017
1017 4 1018
1018 5 1019
1019 6 952
952 1 953
953 2 954
954 3 955
955 4 956
956 5 957
957 6 958
958 1 903
903 2 904
904 3 905
905 4 906
906 5 907
907 6 908
908 1 909
909 2 903
903 3 904
904 4 905
905 5 906
906 6 907
907 1 908
908 2 909
909 3 931
931 4 932
932 5 933
933 6 934
934 1 935
935 2 936
936 3 937
937 4 995
995 5 996
996 6 997
997 1 998
998 2 999
999 3 1000
1000 4 1001
1001 5 1077
1077 6 1078
1078 1 1079
1079 2 1080
1080 3 1081
1081 4 1082
1082 5 1083
1083 6 1170
1170 1 1171
1171 2 1172
1172 3 1173
1173 4 1174
1174 5 1175
1175 6 1176
1176 1 1254
1254 2 1255
1255 3 1256
1256 4 1257
1257 5 1258
1258 6 1259
1259 1 1260
1260 2 1306
1306 3 1307
1307 4 1308
1308 5 1309
1309 6 1310
1310 1 1311
1311 2 1312
1312 3 1337
1337 4 1338
1338 5 1339
1339 6 1340
1340 1 1341
1341 2 1342
1342 3 1343
1343 4 1337
1337 5 1338
1338 6 1339
1339 1 1340
1340 2 1341
1341 3 1342
1342 4 1343
1343 5 1317
1317 6 1318
1318 1 1319
1319 2 1320
1320 3 1321
1321 4 1322
1322 5 1323
1323 6 1288
1288 1 1289
1289 2 1290
1290 3 1291
1291 4 1292
1292 5 1293
1293 6 1294
1294 1 1245
1245 2 1246
1246 3 1247
1247 4 1248
1248 5 1249
1249 6 1250
1250 1 1251
1251 2 1204
1204 3 1205
1205 4 1206
1206 5 1207
1207 6 1208
1208 1 1209
1209 2 1210
1210 3 1194
1194 4 1195
1195 5 1196
1196 6 1197
1197 1 1198
1198 2 1199
1199 3 1200
1200 4 1402
1402 5 1403
1403 6 1404
1404 1 1405
1405 2 1406
1406 3 1407
1407 4 1408
1408 5 1357
1357 6 1358
1358 1 1359
1359 2 1360
1360 3 1361
1361 4 1362
1362 5 1363
1363 6 1348
1348 1 1349
1349 2 1350
1350 3 1351
1351 4 1352
1352 5 1353
1353 6 1354
1354 1 1650
1650 2 1651
1651 3 1652
1652 4 1653
1653 5 1654
1654 6 1655
1655 1 1656
1656 2 1601
1601 3 1602
1602 4 1603
1603 5 1604
1604 6 1605
1605 1 1606
1606 2 1607
1607 3 1565
1565 4 1566
1566 5 1567
1567 6 1568
1568 1 1569
1569 2 1570
1570 3 1571
1571 4 1524
1524 5 1525
1525 6 1526
1526 1 1527
1527 2 1528
1528 3 1529
1529 4 1530
1530 5 1484
1484 6 1485
1485 1 1486
1486 2 1487
1487 3 1488
1488 4 1489
1489 5 1490
1490 6 1448
1448 1 1449
1449 2 1450
1450 3 1451
1451 4 1452
1452 5 1453
1453 6 1454
1454 1 1419
1419 2 1420
1420 3 1421
1421 4 1422
1422 5 1423
1423 6 1424
1424 1 1425
1425 2 1397
1397 3 1398
1398 4 1399
1399 5 1400
1400 6 1401
1401 1 1402
1402 2 1403
1403 3 1397
1397 4 1398
1398 5 1399
1399 6 1400
1400 1 1401
1401 2 1402
1402 3 1403
1403 4 1406
1406 5 1407
1407 6 1408
1408 1 1409
1409 2 1410
1410 3 1411
1411 4 1412
1412 5 1429
1429 6 1430
1430 1 1431
1431 2 1432
1432 3 1433
1433 4 1434
1434 5 1435
1435 6 1457
1457 1 1458
1458 2 1459
1459 3 1460
1460 4 1461
1461 5 1462
1462 6 1463
1463 1 1494
1494 2 1495
1495 3 1496
1496 4 1497
1497 5 1498
1498 6 1499
1499 1 1500
1500 2 1542
1542 3 1543
1543 4 1544
1544 5 1545
1545 6 1546
1546 1 1547
1547 2 1548
1548 3 1596
1596 4 1597
1597 5 1598
1598 6 1599
1599 1 1600
1600 2 1601
1601 3 1602
1602 4 1640
1640 5 1641
1641 6 1642
1642 1 1643
1643 2 1644
1644 3 1645
1645 4 1646
1646 5 1664
1664 6 1665
1665 1 1666
1666 2 1667
1667 3 1668
1668 4 1669
1669 5 1670
1670 6 1675
1675 1 1676
1676 2 1677
1677 3 1678
1678 4 1679
1679 5 1680
1680 6 1681
1681 1 1675
1675 2 1676
1676 3 1677
1677 4 1678
1678 5 1679
1679 6 1680
1680 1 1681
1681 2 1665
1665 3 1666
1666 4 1667
1667 5 1668
1668 6 1669
1669 1 1670
1670 2 1671
1671 3 1640
1640 4 1641
1641 5 1642
1642 6 1643
1643 1 1644
1644 2 1645
1645 3 1646
1646 4 1621
1621 5 1622
1622 6 1623
1623 1 1624
1624 2 1625
1625 3 1626
1626 4 1627
1627 5 1603
1603 6 1604
1604 1 1605
1605 2 1606
1606 3 1607
1607 4 1608
1608 5 1609
1609 6 1585
1585 1 1586
1586 2 1587
1587 3 1588
1588 4 1589
1589 5 1590
1590 6 1591
1591 1 1585
1585 2 1586
1586 3 1587
1587 4 1588
1588 5 1589
1589 6 1590
1590 1 1591
1591 2 1579
1579 3 1580
1580 4 1581
1581 5 1582
1582 6 1583
1583 1 1584
1584 2 1585
1585 3 1592
1592 4 1593
1593 5 1594
1594 6 1595
1595 1 1596
1596 2 1597
1597 3 1598
1598 4 1615
1615 5 1616
1616 6 1617
1617 1 1618
1618 2 1619
1619 3 1620
1620 4 1621
1621 5 1640
1640 6 1641
1641 1 1642
1642 2 1643
1643 3 1644
1644 4 1645
1645 5 1646
1646 6 1670
1670 1 1671
1671 2 1672
1672 3 1673
1673 4 1674
1674 5 1675
1675 6 1676
1676 1 1706
1706 2 1707
1707 3 1708
1708 4 1709
1709 5 1710
1710 6 1711
1711 1 1712
1712 2 1743
1743 3 1744
1744 4 1745
1745 5 1746
1746 6 1747
1747 1 1748
1748 2 1749
1749 3 1778
1778 4 1779
1779 5 1780
1780 6 1781
1781 1 1782
1782 2 1783
1783 3 1784
1784 4 1811
1811 5 1812
1812 6 1813
1813 1 1814
1814 2 1815
1815 3 1816
1816 4 1817
1817 5 1823
1823 6 1824
1824 1 1825
1825 2 1826
1826 3 1827
1827 4 1828
1828 5 1829
1829 6 1823
1823 1 1824
1824 2 1825
1825 3 1826
1826 4 1827
1827 5 1828
1828 6 1829
1829 1 1815
1815 2 1816
1816 3 1817
1817 4 1818
1818 5 1819
1819 6 1820
1820 1 1821
1821 2 1804
1804 3 1805
1805 4 1806
1806 5 1807
1807 6 1808
1808 1 1809
1809 2 1810
1810 3 1789
1789 4 1790
1790 5 1791
1791 6 1792
1792 1 1793
1793 2 1794
1794 3 1795
1795 4 1780
1780 5 1781
1781 6 1782
1782 1 1783
1783 2 1784
1784 3 1785
1785 4 1786
1786 5 1775
1775 6 1776
1776 1 1777
1777 2 1778
1778 3 1779
1779 4 1780
1780 5 1781
1781 6 1775
1775 1 1776
1776 2 1777
1777 3 1778
1778 4 1779
1779 5 1780
1780 6 1781
1781 1 1775
1775 2 1776
1776 3 1777
1777 4 1778
1778 5 1779
1779 6 1780
1780 1 1781
1781 2 1789
1789 3 1790
1790 4 1791
1791 5 1792
1792 6 1793
1793 1 1794
1794 2 1795
1795 3 1819
1819 4 1820
1820 5 1821
1821 6 1822
1822 1 1823
1823 2 1824
1824 3 1825
1825 4 1861
1861 5 1862
1862 6 1863
1863 1 1864
1864 2 1865
1865 3 1866
1866 4 1867
1867 5 1905
1905 6 1906
1906 1 1907
1907 2 1908
1908 3 1909
1909 4 1910
1910 5 1911
1911 6 1936
1936 1 1937
1937 2 1938
1938 3 1939
1939 4 1940
1940 5 1941
1941 6 1942
1942 1 1958
1958 2 1959
1959 3 1960
1960 4 1961
1961 5 1962
1962 6 1963
1963 1 1964
1964 2 1970
1970 3 1971
1971 4 1972
1972 5 1973
1973 6 1974
1974 1 1975
1975 2 1976
1976 3 1970
1970 4 1971
1971 5 1972
1972 6 1973
1973 1 1974
1974 2 1975
1975 3 1976
1976 4 1955
1955 5 1956
1956 6 1957
1957 1 1958
1958 2 1959
1959 3 1960
1960 4 1961
1961 5 1955
1955 6 1956
1956 1 1957
1957 2 1958
1958 3 1959
1959 4 1960
1960 5 1961
1961 6 1955
1955 1 1956
1956 2 1957
1957 3 1958
1958 4 1959
1959 5 1960
1960 6 1961
1961 1 1955
1955 2 1956
1956 3 1957
1957 4 1958
1958 5 1959
1959 6 1960
1960 1 1961
1961 2 1963
1963 3 1964
1964 4 1965
1965 5 1966
1966 6 1967
1967 1 1968
1968 2 1969
1969 3 1972
1972 4 1973
1973 5 1974
1974 6 1975
1975 1 1976
1976 2 1977
1977 3 1978
1978 4 1999
1999 5 2000
2000 6 2001
2001 1 2002
2002 2 2003
2003 3 2004
2004 4 2005
2005 5 2037
2037 6 2038
2038 1 2039
2039 2 2040
2040 3 2041
2041 4 2042
2042 5 2043
2043 6 2090
2090 1 2091
2091 2 2092
2092 3 2093
2093 4 2094
2094 5 2095
2095 6 2096
2096 1 2138
2138 2 2139
2139 3 2140
2140 4 2141
2141 5 2142
2142 6 2143
2143 1 2144
2144 2 2182
2182 3 2183
2183 4 2184
2184 5 2185
2185 6 2186
2186 1 2187
2187 2 2188
2188 3 2219
2219 4 2220
2220 5 2221
2221 6 2222
2222 1 2223
2223 2 2224
2224 3 2225
2225 4 2250
2250 5 2251
2251 6 2252
2252 1 2253
2253 2 2254
2254 3 2255
2255 4 2256
2256 5 2277
2277 6 2278
2278 1 2279
2279 2 2280
2280 3 2281
2281 4 2282
2282 5 2283
2283 6 2277
2277 1 2278
2278 2 2279
2279 3 2280
2280 4 2281
2281 5 2282
2282 6 2283
2283 1 2277
2277 2 2278
2278 3 2279
2279 4 2280
2280 5 2281
2281 6 2282
2282 1 2283
2283 2 2277
2277 3 2278
2278 4 2279
2279 5 2280
2280 6 2281
2281 1 2282
2282 2 2283
2283 3 2269
2269 4 2270
2270 5 2271
2271 6 2272
2272 1 2273
2273 2 2274
2274 3 2275
2275 4 2260
2260 5 2261
2261 6 2262
2262 1 2263
2263 2 2264
2264 3 2265
2265 4 2266
2266 5 2241
2241 6 2242
2242 1 2243
2243 2 2244
2244 3 2245
2245 4 2246
2246 5 2247
2247 6 2226
2226 1 2227
2227 2 2228
2228 3 2229
2229 4 2230
2230 5 2231
2231 6 2232
2232 1 2219
2219 2 2220
2220 3 2221
2221 4 2222
2222 5 2223
2223 6 2224
2224 1 2225
2225 2 2219
2219 3 2220
2220 4 2221
2221 5 2222
2222 6 2223
2223 1 2224
2224 2 2225
2225 3 2219
2219 4 2220
2220 5 2221
2221 6 2222
2222 1 2223
2223 2 2224
2224 3 2225
2225 4 2226
2226 5 2227
2227 6 2228
2228 1 2229
2229 2 2230
2230 3 2231
2231 4 2232
2232 5 2247
2247 6 2248
2248 1 2249
2249 2 2250
2250 3 2251
2251 4 2252
2252 5 2253
2253 6 2279
2279 1 2280
2280 2 2281
2281 3 2282
2282 4 2283
2283 5 2284
2284 6 2285
2285 1 2322
2322 2 2323
2323 3 2324
2324 4 2325
2325 5 2326
2326 6 2327
2327 1 2328
2328 2 2378
2378 3 2379
2379 4 2380
2380 5 2381
2381 6 2382
2382 1 2383
2383 2 2384
2384 3 2442
2442 4 2443
2443 5 2444
2444 6 2445
2445 1 2446
2446 2 2447
2447 3 2448
2448 4 2504
2504 5 2505
2505 6 2506
2506 1 2507
2507 2 2508
2508 3 2509
2509 4 2510
2510 5 2531
2531 6 2532
2532 1 2533
2533 2 2534
2534 3 2535
2535 4 2536
2536 5 2537
2537 6 2531
2531 1 2532
2532 2 2533
2533 3 2534
2534 4 2535
2535 5 2536
2536 6 2537
2537 1 2540
2540 2 2541
2541 3 2542
2542 4 2543
2543 5 2544
2544 6 2545
2545 1 2546
2546 2 2512
2512 3 2513
2513 4 2514
2514 5 2515
2515 6 2516
2516 1 2517
2517 2 2518
2518 3 2462
2462 4 2463
2463 5 2464
2464 6 2465
2465 1 2466
2466 2 2467
2467 3 2468
2468 4 2405
2405 5 2406
2406 6 2407
2407 1 2408
2408 2 2409
2409 3 2410
2410 4 2411
2411 5 2352
2352 6 2353
2353 1 2354
2354 2 2355
2355 3 2356
2356 4 2357
2357 5 2358
2358 6 2302
2302 1 2303
2303 2 2304
2304 3 2305
2305 4 2306
2306 5 2307
2307 6 2308
2308 1 2288
2288 2 2289
2289 3 2290
2290 4 2291
2291 5 2292
2292 6 2293
2293 1 2294
2294 2 2303
2303 3 2304
2304 4 2305
2305 5 2306
2306 6 2307
2307 1 2308
2308 2 2309
2309 3 2336
2336 4 2337
2337 5 2338
2338 6 2339
2339 1 2340
2340 2 2341
2341 3 2342
2342 4 2389
2389 5 2390
2390 6 2391
2391 1 2392
2392 2 2393
2393 3 2394
2394 4 2395
2395 5 2448
2448 6 2449
2449 1 2450
2450 2 2451
2451 3 2452
2452 4 2453
2453 5 2454
2454 6 2512
2512 1 2513
2513 2 2514
2514 3 2515
2515 4 2516
2516 5 2517
2517 6 2518
2518 1 2545
2545 2 2546
2546 3 2547
2547 4 2548
2548 5 2549
2549 6 2550
2550 1 2551
2551 2 2389
2389 3 2390
2390 4 2391
2391 5 2392
2392 6 2393
2393 1 2394
2394 2 2395
2395 3 2307
2307 4 2308
2308 5 2309
2309 6 2310
2310 1 2311
2311 2 2312
2312 3 2313
2313 4 2223
2223 5 2224
2224 6 2225
2225 1 2226
2226 2 2227
2227 3 2228
2228 4 2229
2229 5 2191
2191 6 2192
2192 1 2193
2193 2 2194
2194 3 2195
2195 4 2196
2196 5 2197
2197 6 2210
2210 1 2211
2211 2 2212
2212 3 2213
2213 4 2214
2214 5 2215
2215 6 2216
2216 1 2265
2265 2 2266
2266 3 2267
2267 4 2268
2268 5 2269
2269 6 2270
2270 1 2271
2271 2 2344
2344 3 2345
2345 4 2346
2346 5 2347
2347 6 2348
2348 1 2349
2349 2 2350
2350 3 323
323 4 324
324 5 325
325 6 326
326 1 327
327 2 328
328 3 329
329 4 323
323 5 324
324 6 325
325 1 326
326 2 327
327 3 328
328 4 329
329 5 323
323 6 324
324 1 325
325 2 326
326 3 327
327 4 328
328 5 329
329 6 312
312 1 313
313 2 314
314 3 315
315 4 316
316 5 317
317 6 318
318 1 295
295 2 296
296 3 297
297 4 298
298 5 299
299 6 300
300 1 301
301 2 280
280 3 281
281 4 282
282 5 283
283 6 284
284 1 285
285 2 286
286 3 268
268 4 269
269 5 270
270 6 271
271 1 272
272 2 273
273 3 274
274 4 263
263 5 264
264 6 265
265 1 266
266 2 267
267 3 268
268 4 269
269 5 263
263 6 264
264 1 265
265 2 266
266 3 267
267 4 268
268 5 269
269 6 270
270 1 271
271 2 272
272 3 273
273 4 274
274 5 275
275 6 276
276 1 278
278 2 279
279 3 280
280 4 281
281 5 282
282 6 283
283 1 284
284 2 287
287 3 288
288 4 289
289 5 290
290 6 291
291 1 292
292 2 293
293 3 299
299 4 300
300 5 301
301 6 302
302 1 303
303 2 304
304 3 305
305 4 320
320 5 321
321 6 322
322 1 323
323 2 324
324 3 325
325 4 326
326 5 355
355 6 356
356 1 357
357 2 358
358 3 359
359 4 360
360 5 361
361 6 398
398 1 399
399 2 400
400 3 401
401 4 402
402 5 403
403 6 404
404 1 435
435 2 436
436 3 437
437 4 438
438 5 439
439 6 440
440 1 441
441 2 459
459 3 460
460 4 461
461 5 462
462 6 463
463 1 464
464 2 465
465 3 475
475 4 476
476 5 477
477 6 478
478 1 479
479 2 480
480 3 481
481 4 475
475 5 476
476 6 477
477 1 478
478 2 479
479 3 480
480 4 481
481 5 481
481 6 482
482 1 483
483 2 484
484 3 485
485 4 486
486 5 487
487 6 481
481 1 482
482 2 483
483 3 484
484 4 485
485 5 486
486 6 487
487 1 476
476 2 477
477 3 478
478 4 479
479 5 480
480 6 481
481 1 482
482 2 476
476 3 477
477 4 478
478 5 479
479 6 480
480 1 481
481 2 482
482 3 476
476 4 477
477 5 478
478 6 479
479 1 480
480 2 481
481 3 482
482 4 476
476 5 477
477 6 478
478 1 479
479 2 480
480 3 481
481 4 482
482 5 476
476 6 477
477 1 478
478 2 479
479 3 480
480 4 481
481 5 482
482 6 476
476 1 477
477 2 478
478 3 479
479 4 480
480 5 481
481 6 482
482 1 467
467 2 468
468 3 469
469 4 470
470 5 471
471 6 472
472 1 473
473 2 467
467 3 468
468 4 469
469 5 470
470 6 471
471 1 472
472 2 473
473 3 472
472 4 473
473 5 474
474 6 475
475 1 476
476 2 477
477 3 478
478 4 478
478 5 479
479 6 480
480 1 481
481 2 482
482 3 483
483 4 484
484 5 483
483 6 484
484 1 485
485 2 486
486 3 487
487 4 488
488 5 489
489 6 495
495 1 496
496 2 497
497 3 498
498 4 499
499 5 500
500 6 501
501 1 513
513 2 514
514 3 515
515 4 516
516 5 517
517 6 518
518 1 519
519 2 533
533 3 534
534 4 535
535 5 536
536 6 537
537 1 538
538 2 539
539 3 552
552 4 553
553 5 554
554 6 555
555 1 556
556 2 557
557 3 558
558 4 567
567 5 568
568 6 569
569 1 570
570 2 571
571 3 572
572 4 573
573 5 583
583 6 584
584 1 585
585 2 586
586 3 587
587 4 588
588 5 589
589 6 610
610 1 611
611 2 612
612 3 613
613 4 614
614 5 615
615 6 616
616 1 617
617 2 618
618 3 619
619 4 620
620 5 621
621 6 622
622 1 623
623 2 622
622 3 623
623 4 624
624 5 625
625 6 626
626 1 627
627 2 628
628 3 629
629 4 630
630 5 631
631 6 632
632 1 633
633 2 634
634 3 635
635 4 884
884 5 885
885 6 886
886 1 887
887 2 888
888 3 889
889 4 890
890 5 930
930 6 931
931 1 932
932 2 933
933 3 934
934 4 935
935 5 936
936 6 937
937 1 938
938 2 939
939 3 940
940 4 941
941 5 942
942 6 943
943 1 937
937 2 938
938 3 939
939 4 940
940 5 941
941 6 942
942 1 943
943 2 921
921 3 922
922 4 923
923 5 924
924 6 925
925 1 926
926 2 927
927 3 889
889 4 890
890 5 891
891 6 892
892 1 893
893 2 894
894 3 895
895 4 824
824 5 825
825 6 826
826 1 827
827 2 828
828 3 829
829 4 830
830 5 738
738 6 739
739 1 740
740 2 741
741 3 742
742 4 743
743 5 744
744 6 628
628 1 629
629 2 630
630 3 631
631 4 632
632 5 633
633 6 634
634 1 508
508 2 509
509 3 510
510 4 511
511 5 512
512 6 513
513 1 514
514 2 381
381 3 382
382 4 383
383 5 384
384 6 385
385 1 386
386 2 387
387 3 278
278 4 279
279 5 280
280 6 281
281 1 282
282 2 283
283 3 284
284 4 232
232 5 233
233 6 234
234 1 235
235 2 236
236 3 237
237 4 238
238 5 224
224 6 225
225 1 226
226 2 227
227 3 228
228 4 229
229 5 230
230 6 254
254 1 255
255 2 256
256 3 257
257 4 258
258 5 259
259 6 260
260 1 356
356 2 357
357 3 358
358 4 359
359 5 360
360 6 361
361 1 362
362 2 505
505 3 506
506 4 507
507 5 508
508 6 509
509 1 510
510 2 511
511 3 674
674 4 675
675 5 676
676 6 677
677 1 678
678 2 679
679 3 680
680 4 839
839 5 840
840 6 841
841 1 842
842 2 843
843 3 844
844 4 845
845 5 955
955 6 956
956 1 957
957 2 958
958 3 959
959 4 960
960 5 961
961 6 1039
1039 1 1040
1040 2 1041
1041 3 1042
1042 4 1043
1043 5 1044
1044 6 1045
1045 1 1050
1050 2 1051
1051 3 1052
1052 4 1053
1053 5 1054
1054 6 1055
1055 1 1056
1056 2 1016
1016 3 1017
1017 4 1018
1018 5 1019
1019 6 1020
1020 1 1021
1021 2 1022
1022 3 952
952 4 953
953 5 954
954 6 955
955 1 956
956 2 957
957 3 958
958 4 825
825 5 826
826 6 827
827 1 828
828 2 829
829 3 830
830 4 831
831 5 677
677 6 678
678 1 679
679 2 680
680 3 681
681 4 682
682 5 683
683 6 515
515 1 516
516 2 517
517 3 518
518 4 519
519 5 520
520 6 521
521 1 346
346 2 347
347 3 348
348 4 349
349 5 350
350 6 351
351 1 352
352 2 208
208 3 209
209 4 210
210 5 211
211 6 212
212 1 213
213 2 214
214 3 90
90 4 91
91 5 92
92 6 93
93 1 94
94 2 95
95 3 96
96 4 23
23 5 24
24 6 25
25 1 26
26 2 27
27 3 28
28 4 29
29 5 -3
-3 6 -2
-2 1 -1
-1 2 0
0 3 1
1 4 2
2 5 3
3 6 -3
-3 1 -2
-2 2 -1
-1 3 0
0 4 1
1 5 2
2 6 3
3 1 31
31 2 32
32 3 33
33 4 34
34 5 35
35 6 36
36 1 37
37 2 115
115 3 116
116 4 117
117 5 118
118 6 119
119 1 120
120 2 121
121 3 232
232 4 233
233 5 234
234 6 235
235 1 236
236 2 237
237 3 238
238 4 414
414 5 415
415 6 416
416 1 417
417 2 418
418 3 419
419 4 420
420 5 603
603 6 604
604 1 605
605 2 606
606 3 607
607 4 608
608 5 609
609 6 805
805 1 806
806 2 807
807 3 808
808 4 809
809 5 810
810 6 811
811 1 960
960 2 961
961 3 962
962 4 963
963 5 964
964 6 965
965 1 966
966 2 1084
1084 3 1085
1085 4 1086
1086 5 1087
1087 6 1088
1088 1 1089
1089 2 1090
1090 3 1132
1132 4 1133
1133 5 1134
1134 6 1135
1135 1 1136
1136 2 1137
1137 3 1138
1138 4 1147
1147 5 1148
1148 6 1149
1149 1 1150
1150 2 1151
1151 3 1152
1152 4 1153
1153 5 1141
1141 6 1142
1142 1 1143
1143 2 1144
1144 3 1145
1145 4 1146
1146 5 1147
1147 6 1136
1136 1 1137
1137 2 1138
1138 3 1139
1139 4 1140
1140 5 1141
1141 6 1142
1142 1 1119
1119 2 1120
1120 3 1121
1121 4 1122
1122 5 1123
1123 6 1124
1124 1 1125
1125 2 1070
1070 3 1071
1071 4 1072
1072 5 1073
1073 6 1074
1074 1 1075
1075 2 1076
1076 3 1107
1107 4 1108
1108 5 1109
1109 6 1110
1110 1 1111
1111 2 1112
1112 3 1113
1113 4 1107
1107 5 1108
1108 6 1109
1109 1 1110
1110 2 1111
1111 3 1112
1112 4 1113
1113 5 1097
1097 6 1098
1098 1 1099
1099 2 1100
1100 3 1101
1101 4 1102
1102 5 1103
1103 6 1082
1082 1 1083
1083 2 1084
1084 3 1085
1085 4 1086
1086 5 1087
1087 6 1088
1088 1 1063
1063 2 1064
1064 3 1065
1065 4 1066
1066 5 1067
1067 6 1068
1068 1 1069
1069 2 1045
1045 3 1046
1046 4 1047
1047 5 1048
1048 6 1049
1049 1 1050
1050 2 1051
1051 3 1013
1013 4 1014
1014 5 1015
1015 6 1016
1016 1 1017
1017 2 1018
1018 3 1019
1019 4 971
971 5 972
972 6 973
973 1 974
974 2 975
975 3 976
976 4 977
977 5 925
925 6 926
926 1 927
927 2 928
928 3 929
929 4 930
930 5 931
931 6 876
876 1 877
877 2 878
878 3 879
879 4 880
880 5 881
881 6 882
882 1 825
825 2 826
826 3 827
827 4 828
828 5 829
829 6 830
830 1 831
831 2 773
773 3 774
774 4 775
775 5 776
776 6 777
777 1 778
778 2 779
779 3 748
748 4 749
749 5 750
750 6 751
751 1 752
752 2 753
753 3 754
754 4 741
741 5 742
742 6 743
743 1 744
744 2 745
745 3 746
746 4 747
747 5 767
767 6 768
768 1 769
769 2 770
770 3 771
771 4 772
772 5 773
773 6 823
823 1 824
824 2 825
825 3 826
826 4 827
827 5 828
828 6 829
829 1 898
898 2 899
899 3 900
900 4 901
901 5 902
902 6 903
903 1 904
904 2 983
983 3 984
984 4 985
985 5 986
986 6 987
987 1 988
988 2 989
989 3 1040
1040 4 1041
1041 5 1042
1042 6 1043
1043 1 1044
1044 2 1045
1045 3 1046
1046 4 1078
1078 5 1079
1079 6 1080
1080 1 1081
1081 2 1082
1082 3 1083
1083 4 1084
1084 5 1090
1090 6 1091
1091 1 1092
1092 2 1093
1093 3 1094
1094 4 1095
1095 5 1096
1096 6 1079
1079 1 1080
1080 2 1081
1081 3 1082
1082 4 1083
1083 5 1084
1084 6 1085
1085 1 1053
1053 2 1054
1054 3 1055
1055 4 1056
1056 5 1057
1057 6 1058
1058 1 1059
1059 2 1004
1004 3 1005
1005 4 1006
1006 5 1007
1007 6 1008
1008 1 1009
1009 2 1010
1010 3 955
955 4 956
956 5 957
957 6 958
958 1 959
959 2 960
960 3 961
961 4 905
905 5 906
906 6 907
907 1 908
908 2 909
909 3 910
910 4 911
911 5 881
881 6 882
882 1 883
883 2 884
884 3 885
885 4 886
886 5 887
887 6 872
872 1 873
873 2 874
874 3 875
875 4 876
876 5 877
877 6 878
878 1 872
872 2 873
873 3 874
874 4 875
875 5 876
876 6 877
877 1 878
878 2 907
907 3 908
908 4 909
909 5 910
910 6 911
911 1 912
912 2 913
913 3 957
957 4 958
958 5 959
959 6 960
960 1 961
961 2 962
962 3 963
963 4 1031
1031 5 1032
1032 6 1033
1033 1 1034
1034 2 1035
1035 3 1036
1036 4 1037
1037 5 1104
1104 6 1105
1105 1 1106
1106 2 1107
1107 3 1108
1108 4 1109
1109 5 1110
1110 6 1172
1172 1 1173
1173 2 1174
1174 3 1175
1175 4 1176
1176 5 1177
1177 6 1178
1178 1 1216
1216 2 1217
1217 3 1218
1218 4 1219
1219 5 1220
1220 6 1221
1221 1 1222
1222 2 1247
1247 3 1248
1248 4 1249
1249 5 1250
1250 6 1251
1251 1 1252
1252 2 1253
1253 3 1221
1221 4 1222
1222 5 1223
1223 6 1224
1224 1 1225
1225 2 1226
1226 3 1227
1227 4 1181
1181 5 1182
1182 6 1183
1183 1 1184
1184 2 1185
1185 3 1186
1186 4 1187
1187 5 1097
1097 6 1098
1098 1 1099
1099 2 1100
1100 3 1101
1101 4 1102
1102 5 1103
1103 6 987
987 1 988
988 2 989
989 3 990
990 4 991
991 5 992
992 6 993
993 1 860
860 2 861
861 3 862
862 4 863
863 5 864
864 6 865
865 1 866
866 2 774
774 3 775
775 4 776
776 5 777
777 6 778
778 1 779
779 2 780
780 3 742
742 4 743
743 5 744
744 6 745
745 1 746
746 2 747
747 3 748
748 4 742
742 5 743
743 6 744
744 1 745
745 2 746
746 3 747
747 4 748
748 5 779
779 6 780
780 1 781
781 2 782
782 3 783
783 4 784
784 5 785
785 6 866
866 1 867
867 2 868
868 3 869
869 4 870
870 5 871
871 6 872
872 1 990
990 2 991
991 3 992
992 4 993
993 5 994
994 6 995
995 1 996
996 2 446
446 3 447
447 4 448
448 5 449
449 6 450
450 1 451
451 2 452
452 3 446
446 4 447
447 5 448
448 6 449
449 1 450
450 2 451
451 3 452
452 4 420
420 5 421
421 6 422
422 1 423
423 2 424
424 3 425
425 4 426
426 5 420
420 6 421
421 1 422
422 2 423
423 3 424
424 4 425
425 5 426
426 6 414
414 1 415
415 2 416
416 3 417
417 4 418
418 5 419
419 6 420
420 1 414
414 2 415
415 3 416
416 4 417
417 5 418
418 6 419
419 1 420
420 2 414
414 3 415
415 4 416
416 5 417
417 6 418
418 1 419
419 2 420
420 3 423
423 4 424
424 5 425
425 6 426
426 1 427
427 2 428
428 3 429
429 4 431
431 5 432
432 6 433
433 1 434
434 2 435
435 3 436
436 4 437
437 5 445
445 6 446
446 1 447
447 2 448
448 3 449
449 4 450
450 5 451
451 6 472
472 1 473
473 2 474
474 3 475
475 4 476
476 5 477
477 6 478
478 1 510
510 2 511
511 3 512
512 4 513
513 5 514
514 6 515
515 1 516
516 2 554
554 3 555
555 4 556
556 5 557
557 6 558
558 1 559
559 2 560
560 3 599
599 4 600
600 5 601
601 6 602
602 1 603
603 2 604
604 3 605
605 4 643
643 5 644
644 6 645
645 1 646
646 2 647
647 3 648
648 4 649
649 5 678
678 6 679
679 1 680
680 2 681
681 3 682
682 4 683
683 5 684
684 6 708
708 1 709
709 2 710
710 3 711
711 4 712
712 5 713
713 6 714
714 1 725
725 2 726
726 3 727
727 4 728
728 5 729
729 6 730
730 1 731
731 2 725
725 3 726
726 4 727
727 5 728
728 6 729
729 1 730
730 2 731
731 3 702
702 4 703
703 5 704
704 6 705
705 1 706
706 2 707
707 3 708
708 4 697
697 5 698
698 6 699
699 1 700
700 2 701
701 3 702
702 4 703
703 5 697
697 6 698
698 1 699
699 2 700
700 3 701
701 4 702
702 5 703
703 6 697
697 1 698
698 2 699
699 3 700
700 4 701
701 5 702
702 6 703
703 1 697
697 2 698
698 3 699
699 4 700
700 5 701
701 6 702
702 1 703
703 2 702
702 3 703
703 4 704
704 5 705
705 6 706
706 1 707
707 2 708
708 3 713
713 4 714
714 5 715
715 6 716
716 1 717
717 2 718
718 3 719
719 4 734
734 5 735
735 6 736
736 1 737
737 2 738
738 3 739
739 4 740
740 5 763
763 6 764
764 1 765
765 2 766
766 3 767
767 4 768
768 5 769
769 6 800
800 1 801
801 2 802
802 3 803
803 4 804
804 5 805
805 6 806
806 1 843
843 2 844
844 3 845
845 4 846
846 5 847
847 6 848
848 1 849
849 2 889
889 3 890
890 4 891
891 5 892
892 6 893
893 1 894
894 2 895
895 3 915
915 4 916
916 5 917
917 6 918
918 1 919
919 2 920
920 3 921
921 4 928
928 5 929
929 6 930
930 1 931
931 2 932
932 3 933
933 4 934
934 5 1102
1102 6 1103
1103 1 1104
1104 2 1105
1105 3 1106
1106 4 1107
1107 5 1108
1108 6 1145
1145 1 1146
1146 2 1147
1147 3 1148
1148 4 1149
1149 5 1150
1150 6 1151
1151 1 1135
1135 2 1136
1136 3 1137
1137 4 1138
1138 5 1139
1139 6 1140
1140 1 1141
1141 2 1096
1096 3 1097
1097 4 1098
1098 5 1099
1099 6 1100
1100 1 1101
1101 2 1102
1102 3 1096
1096 4 1097
1097 5 1098
1098 6 1099
1099 1 1100
1100 2 1101
1101 3 1102
1102 4 1103
1103 5 1104
1104 6 1105
1105 1 1106
1106 2 1107
1107 3 1108
1108 4 1109
1109 5 1114
1114 6 1115
1115 1 1116
1116 2 1117
1117 3 1118
1118 4 1119
1119 5 1120
1120 6 1137
1137 1 1138
1138 2 1139
1139 3 1140
1140 4 1141
1141 5 1142
1142 6 1143
1143 1 1168
1168 2 1169
1169 3 1170
1170 4 1171
1171 5 1172
1172 6 1173
1173 1 1174
1174 2 1198
1198 3 1199
1199 4 1200
1200 5 1201
1201 6 1202
1202 1 1203
1203 2 1204
1204 3 1226
1226 4 1227
1227 5 1228
1228 6 1229
1229 1 1230
1230 2 1231
1231 3 1232
1232 4 1236
1236 5 1237
1237 6 1238
1238 1 1239
1239 2 1240
1240 3 1241
1241 4 1242
1242 5 1236
1236 6 1237
1237 1 1238
1238 2 1239
1239 3 1240
1240 4 1241
1241 5 1242
1242 6 1236
1236 1 1237
1237 2 1238
1238 3 1239
1239 4 1240
1240 5 1241
1241 6 1242
1242 1 1241
1241 2 1242
1242 3 1243
1243 4 1244
1244 5 1245
1245 6 1246
1246 1 1247
1247 2 1253
1253 3 1254
1254 4 1255
1255 5 1256
1256 6 1257
1257 1 1258
1258 2 1259
1259 3 1269
1269 4 1270
1270 5 1271
1271 6 1272
1272 1 1273
1273 2 1274
1274 3 1275
1275 4 1304
1304 5 1305
1305 6 1306
1306 1 1307
1307 2 1308
1308 3 1309
1309 4 1310
1310 5 1350
1350 6 1351
1351 1 1352
1352 2 1353
1353 3 1354
1354 4 1355
1355 5 1356
1356 6 1375
1375 1 1376
1376 2 1377
1377 3 1378
1378 4 1379
1379 5 1380
1380 6 1381
1381 1 1395
1395 2 1396
1396 3 1397
1397 4 1398
1398 5 1399
1399 6 1400
1400 1 1401
1401 2 1412
1412 3 1413
1413 4 1414
1414 5 1415
1415 6 1416
1416 1 1417
1417 2 1418
1418 3 1431
1431 4 1432
1432 5 1433
1433 6 1434
1434 1 1435
1435 2 1436
1436 3 1437
1437 4 1451
1451 5 1452
1452 6 1453
1453 1 1454
1454 2 1455
1455 3 1456
1456 4 1457
1457 5 1475
1475 6 1476
1476 1 1477
1477 2 1478
1478 3 1479
1479 4 1480
1480 5 1481
1481 6 1501
1501 1 1502
1502 2 1503
1503 3 1504
1504 4 1505
1505 5 1506
1506 6 1507
1507 1 1515
1515 2 1516
1516 3 1517
1517 4 1518
1518 5 1519
1519 6 1520
1520 1 1521
1521 2 1515
1515 3 1516
1516 4 1517
1517 5 1518
1518 6 1519
1519 1 1520
1520 2 1521
1521 3 1515
1515 4 1516
1516 5 1517
1517 6 1518
1518 1 1519
1519 2 1520
1520 3 1521
1521 4 1505
1505 5 1506
1506 6 1507
1507 1 1508
1508 2 1509
1509 3 1510
1510 4 1511
1511 5 1499
1499 6 1500
1500 1 1501
1501 2 1502
1502 3 1503
1503 4 1504
1504 5 1505
1505 6 1499
1499 1 1500
1500 2 1501
1501 3 1502
1502 4 1503
1503 5 1504
1504 6 1505
1505 1 1499
1499 2 1500
1500 3 1501
1501 4 1502
1502 5 1503
1503 6 1504
1504 1 1505
1505 2 1499
1499 3 1500
1500 4 1501
1501 5 1502
1502 6 1503
1503 1 1504
1504 2 1505
1505 3 1499
1499 4 1500
1500 5 1501
1501 6 1502
1502 1 1503
1503 2 1504
1504 3 1505
1505 4 1499
1499 5 1500
1500 6 1501
1501 1 1502
1502 2 1503
1503 3 1504
1504 4 1505
1505 5 1499
1499 6 1500
1500 1 1501
1501 2 1502
1502 3 1503
1503 4 1504
1504 5 1505
1505 6 1499
1499 1 1500
1500 2 1501
1501 3 1502
1502 4 1503
1503 5 1504
1504 6 1505
1505 1 1493
1493 2 1494
1494 3 1495
1495 4 1496
1496 5 1497
1497 6 1498
1498 1 1499
1499 2 1493
1493 3 1494
1494 4 1495
1495 5 1496
1496 6 1497
1497 1 1498
1498 2 1499
1499 3 1498
1498 4 1499
1499 5 1500
1500 6 1501
1501 1 1502
1502 2 1503
1503 3 1504
1504 4 1498
1498 5 1499
1499 6 1500
1500 1 1501
1501 2 1502
1502 3 1503
1503 4 1504
1504 5 1498
1498 6 1499
1499 1 1500
1500 2 1501
1501 3 1502
1502 4 1503
1503 5 1504
1504 6 1503
1503 1 1504
1504 2 1505
1505 3 1506
1506 4 1507
1507 5 1508
1508 6 1509
1509 1 1503
1503 2 1504
1504 3 1505
1505 4 1506
1506 5 1507
1507 6 1508
1508 1 1509
1509 2 1513
1513 3 1514
1514 4 1515
1515 5 1516
1516 6 1517
1517 1 1518
1518 2 1519
1519 3 1521
1521 4 1522
1522 5 1523
1523 6 1524
1524 1 1525
1525 2 1526
1526 3 1527
1527 4 1529
1529 5 1530
1530 6 1531
1531 1 1532
1532 2 1533
1533 3 1534
1534 4 1535
1535 5 1539
1539 6 1540
1540 1 1541
1541 2 1542
1542 3 1543
1543 4 1544
1544 5 1545
1545 6 1550
1550 1 1551
1551 2 1552
1552 3 1553
1553 4 1554
1554 5 1555
1555 6 1556
1556 1 1565
1565 2 1566
1566 3 1567
1567 4 1568
1568 5 1569
1569 6 1570
1570 1 1571
1571 2 1580
1580 3 1581
1581 4 1582
1582 5 1583
1583 6 1584
1584 1 1585
1585 2 1586
1586 3 1590
1590 4 1591
1591 5 1592
1592 6 1593
1593 1 1594
1594 2 1595
1595 3 1596
1596 4 1597
1597 5 1598
1598 6 1599
1599 1 1600
1600 2 1601
1601 3 1602
1602 4 1603
1603 5 1606
1606 6 1607
1607 1 1608
1608 2 1609
1609 3 1610
1610 4 1611
1611 5 1612
1612 6 1614
1614 1 1615
1615 2 1616
1616 3 1617
1617 4 1618
1618 5 1619
1619 6 1620
1620 1 1622
1622 2 1623
1623 3 1624
1624 4 1625
1625 5 1626
1626 6 1627
1627 1 1628
1628 2 1622
1622 3 1623
1623 4 1624
1624 5 1625
1625 6 1626
1626 1 1627
1627 2 1628
1628 3 1630
1630 4 1631
1631 5 1632
1632 6 1633
1633 1 1634
1634 2 1635
1635 3 1636
1636 4 1630
1630 5 1631
1631 6 1632
1632 1 1633
1633 2 1634
1634 3 1635
1635 4 1636
1636 5 1635
1635 6 1636
1636 1 1637
1637 2 1638
1638 3 1639
1639 4 1640
1640 5 1641
1641 6 1635
1635 1 1636
1636 2 1637
1637 3 1638
1638 4 1639
1639 5 1640
1640 6 1641
1641 1 1642
1642 2 1643
1643 3 1644
1644 4 1645
1645 5 1646
1646 6 1647
1647 1 1648
1648 2 1642
1642 3 1643
1643 4 1644
1644 5 1645
1645 6 1646
1646 1 1647
1647 2 1648
1648 3 1642
1642 4 1643
1643 5 1644
1644 6 1645
1645 1 1646
1646 2 1647
1647 3 1648
1648 4 1647
1647 5 1648
1648 6 1649
1649 1 1650
1650 2 1651
1651 3 1652
1652 4 1653
1653 5 1647
1647 6 1648
1648 1 1649
1649 2 1650
1650 3 1651
1651 4 1652
1652 5 1653
1653 6 1659
1659 1 1660
1660 2 1661
1661 3 1662
1662 4 1663
1663 5 1664
1664 6 1665
1665 1 1698
1698 2 1699
1699 3 1700
1700 4 1701
1701 5 1702
1702 6 1703
1703 1 1704
1704 2 1756
1756 3 1757
1757 4 1758
1758 5 1759
1759 6 1760
1760 1 1761
1761 2 1762
1762 3 1834
1834 4 1835
1835 5 1836
1836 6 1837
1837 1 1838
1838 2 1839
1839 3 1840
1840 4 1912
1912 5 1913
1913 6 1914
1914 1 1915
1915 2 1916
1916 3 1917
1917 4 1918
1918 5 1988
1988 6 1989
1989 1 1990
1990 2 1991
1991 3 1992
1992 4 1993
1993 5 1994
1994 6 2051
2051 1 2052
2052 2 2053
2053 3 2054
2054 4 2055
2055 5 2056
2056 6 2057
2057 1 2107
2107 2 2108
2108 3 2109
2109 4 2110
2110 5 2111
2111 6 2112
2112 1 2113
2113 2 2157
2157 3 2158
2158 4 2159
2159 5 2160
2160 6 2161
2161 1 2162
2162 2 2163
2163 3 2193
2193 4 2194
2194 5 2195
2195 6 2196
2196 1 2197
2197 2 2198
2198 3 2199
2199 4 2220
2220 5 2221
2221 6 2222
2222 1 2223
2223 2 2224
2224 3 2225
2225 4 2226
2226 5 2245
2245 6 2246
2246 1 2247
2247 2 2248
2248 3 2249
2249 4 2250
2250 5 2251
2251 6 2265
2265 1 2266
2266 2 2267
2267 3 2268
2268 4 2269
2269 5 2270
2270 6 2271
2271 1 2281
2281 2 2282
2282 3 2283
2283 4 2284
2284 5 2285
2285 6 2286
2286 1 2287
2287 2 2299
2299 3 2300
2300 4 2301
2301 5 2302
2302 6 2303
2303 1 2304
2304 2 2305
2305 3 2315
2315 4 2316
2316 5 2317
2317 6 2318
2318 1 2319
2319 2 2320
2320 3 2321
2321 4 2329
2329 5 2330
2330 6 2331
2331 1 2332
2332 2 2333
2333 3 2334
2334 4 2335
2335 5 2344
2344 6 2345
2345 1 2346
2346 2 2347
2347 3 2348
2348 4 2349
2349 5 2350
2350 6 2336
2336 1 2337
2337 2 2338
2338 3 2339
2339 4 2340
2340 5 2341
2341 6 2342
2342 1 2304
2304 2 2305
2305 3 2306
2306 4 2307
2307 5 2308
2308 6 2309
2309 1 2310
2310 2 2220
2220 3 2221
2221 4 2222
2222 5 2223
2223 6 2224
2224 1 2225
2225 2 2226
2226 3 2102
2102 4 2103
2103 5 2104
2104 6 2105
2105 1 2106
2106 2 2107
2107 3 2108
2108 4 1953
1953 5 1954
1954 6 1955
1955 1 1956
1956 2 1957
1957 3 1958
1958 4 1959
1959 5 1785
1785 6 1786
1786 1 1787
1787 2 1788
1788 3 1789
1789 4 1790
1790 5 1791
1791 6 1605
1605 1 1606
1606 2 1607
1607 3 1608
1608 4 1609
1609 5 1610
1610 6 1611
1611 1 1433
1433 2 1434
1434 3 1435
1435 4 1436
1436 5 1437
1437 6 1438
1438 1 1439
1439 2 1236
1236 3 1237
1237 4 1238
1238 5 1239
1239 6 1240
1240 1 1241
1241 2 1242
1242 3 1023
1023 4 1024
1024 5 1025
1025 6 1026
1026 1 1027
1027 2 1028
1028 3 1029
1029 4 753
753 5 754
754 6 755
755 1 756
756 2 757
757 3 758
758 4 759
759 5 487
487 6 488
488 1 489
489 2 490
490 3 491
491 4 492
492 5 493
493 6 223
223 1 224
224 2 225
225 3 226
226 4 227
227 5 228
228 6 229
229 1 57
57 2 58
58 3 59
59 4 60
60 5 61
61 6 62
62 1 63
63 2 -3
-3 3 -2
-2 4 -1
-1 5 0
0 6 1
1 1 2
2 2 3
3 3 8
8 4 9
9 5 10
10 6 11
11 1 12
12 2 13
13 3 14
14 4 68
68 5 69
69 6 70
70 1 71
71 2 72
72 3 73
73 4 74
74 5 203
203 6 204
204 1 205
205 2 206
206 3 207
207 4 208
208 5 209
209 6 388
388 1 389
389 2 390
390 3 391
391 4 392
392 5 393
393 6 394
394 1 609
609 2 610
610 3 611
611 4 612
612 5 613
613 6 614
614 1 615
615 2 875
875 3 876
876 4 877
877 5 878
878 6 879
879 1 880
880 2 881
881 3 1172
1172 4 1173
1173 5 1174
1174 6 1175
1175 1 1176
1176 2 1177
1177 3 1178
1178 4 1481
1481 5 1482
1482 6 1483
1483 1 1484
1484 2 1485
1485 3 1486
1486 4 1487
1487 5 1739
1739 6 1740
1740 1 1741
1741 2 1742
1742 3 1743
1743 4 1744
1744 5 1745
1745 6 1962
1962 1 1963
1963 2 1964
1964 3 1965
1965 4 1966
1966 5 1967
1967 6 1968
1968 1 2078
2078 2 2079
2079 3 2080
2080 4 2081
2081 5 2082
2082 6 2083
2083 1 2084
2084 2 2133
2133 3 2134
2134 4 2135
2135 5 2136
2136 6 2137
2137 1 2138
2138 2 2139
2139 3 2146
2146 4 2147
2147 5 2148
2148 6 2149
2149 1 2150
2150 2 2151
2151 3 2152
2152 4 2146
2146 5 2147
2147 6 2148
2148 1 2149
2149 2 2150
2150 3 2151
2151 4 2152
2152 5 2151
2151 6 2152
2152 1 2153
2153 2 2154
2154 3 2155
2155 4 2156
2156 5 2157
2157 6 2151
2151 1 2152
2152 2 2153
2153 3 2154
2154 4 2155
2155 5 2156
2156 6 2157
2157 1 2157
2157 2 2158
2158 3 2159
2159 4 2160
2160 5 2161
2161 6 2162
2162 1 2163
2163 2 2168
2168 3 2169
2169 4 2170
2170 5 2171
2171 6 2172
2172 1 2173
2173 2 2174
2174 3 2178
2178 4 2179
2179 5 2180
2180 6 2181
2181 1 2182
2182 2 2183
2183 3 2184
2184 4 23
23 5 24
24 6 25
25 1 26
26 2 27
27 3 28
28 4 29
29 5 23
23 6 24
24 1 25
25 2 26
26 3 27
27 4 28
28 5 29
29 6 -3
-3 1 -2
-2 2 -1
-1 3 0
0 4 1
1 5 2
2 6 3
3 1 -3
-3 2 -2
-2 3 -1
-1 4 0
0 5 1
1 6 2
2 1 3
3 2 8
8 3 9
9 4 10
10 5 11
11 6 12
12 1 13
13 2 14
14 3 17
17 4 18
18 5 19
19 6 20
20 1 21
21 2 22
22 3 23
23 4 29
29 5 30
30 6 31
31 1 32
32 2 33
33 3 34
34 4 35
35 5 45
45 6 46
46 1 47
47 2 48
48 3 49
49 4 50
50 5 51
51 6 69
69 1 70
70 2 71
71 3 72
72 4 73
73 5 74
74 6 75
75 1 97
97 2 98
98 3 99
99 4 100
100 5 101
101 6 102
102 1 103
103 2 125
125 3 126
126 4 127
127 5 128
128 6 129
129 1 130
130 2 131
131 3 161
161 4 162
162 5 163
163 6 164
164 1 165
165 2 166
166 3 167
167 4 192
192 5 193
193 6 194
194 1 195
195 2 196
196 3 197
197 4 198
198 5 202
202 6 203
203 1 204
204 2 205
205 3 206
206 4 207
207 5 208
208 6 202
202 1 203
203 2 204
204 3 205
205 4 206
206 5 207
207 6 208
208 1 180
180 2 181
181 3 182
182 4 183
183 5 184
184 6 185
185 1 186
186 2 164
164 3 165
165 4 166
166 5 167
167 6 168
168 1 169
169 2 170
170 3 150
150 4 151
151 5 152
152 6 153
153 1 154
154 2 155
155 3 156
156 4 150
150 5 151
151 6 152
152 1 153
153 2 154
154 3 155
155 4 156
156 5 150
150 6 151
151 1 152
152 2 153
153 3 154
154 4 155
155 5 156
156 6 168
168 1 169
169 2 170
170 3 171
171 4 172
172 5 173
173 6 174
174 1 187
187 2 188
188 3 189
189 4 190
190 5 191
191 6 192
192 1 193
193 2 210
210 3 211
211 4 212
212 5 213
213 6 214
214 1 215
215 2 216
216 3 235
235 4 236
236 5 237
237 6 238
238 1 239
239 2 240
240 3 241
241 4 258
258 5 259
259 6 260
260 1 261
261 2 262
262 3 263
263 4 264
264 5 269
269 6 270
270 1 271
271 2 272
272 3 273
273 4 274
274 5 275
275 6 269
269 1 270
270 2 271
271 3 272
272 4 273
273 5 274
274 6 275
275 1 290
290 2 291
291 3 292
292 4 293
293 5 294
294 6 295
295 1 296
296 2 308
308 3 309
309 4 310
310 5 311
311 6 312
312 1 313
313 2 314
314 3 327
327 4 328
328 5 329
329 6 330
330 1 331
331 2 332
332 3 333
333 4 338
338 5 339
339 6 340
340 1 341
341 2 342
342 3 343
343 4 344
344 5 344
344 6 345
345 1 346
346 2 347
347 3 348
348 4 349
349 5 350
350 6 350
350 1 351
351 2 352
352 3 353
353 4 354
354 5 355
355 6 356
356 1 358
358 2 359
359 3 360
360 4 361
361 5 362
362 6 363
363 1 364
364 2 370
370 3 371
371 4 372
372 5 373
373 6 374
374 1 375
375 2 376
376 3 382
382 4 383
383 5 384
384 6 385
385 1 386
386 2 387
387 3 388
388 4 390
390 5 391
391 6 392
392 1 393
393 2 394
394 3 395
395 4 396
396 5 395
395 6 396
396 1 397
397 2 398
398 3 399
399 4 400
400 5 401
401 6 400
400 1 401
401 2 402
402 3 403
403 4 404
404 5 405
405 6 406
406 1 400
400 2 401
401 3 402
402 4 403
403 5 404
404 6 405
405 1 406
406 2 405
405 3 406
406 4 407
407 5 408
408 6 409
409 1 410
410 2 411
411 3 405
405 4 406
406 5 407
407 6 408
408 1 409
409 2 410
410 3 411
411 4 412
412 5 413
413 6 414
414 1 415
415 2 416
416 3 417
417 4 418
418 5 412
412 6 413
413 1 414
414 2 415
415 3 416
416 4 417
417 5 418
418 6 412
412 1 413
413 2 414
414 3 415
415 4 416
416 5 417
417 6 418
418 1 412
412 2 413
413 3 414
414 4 415
415 5 416
416 6 417
417 1 418
418 2 420
420 3 421
421 4 422
422 5 423
423 6 424
424 1 425
425 2 426
426 3 425
425 4 426
426 5 427
427 6 428
428 1 429
429 2 430
430 3 431
431 4 430
430 5 431
431 6 432
432 1 433
433 2 434
434 3 435
435 4 436
436 5 436
436 6 437
437 1 438
438 2 439
439 3 440
440 4 441
441 5 442
442 6 448
448 1 449
449 2 450
450 3 451
451 4 452
452 5 453
453 6 454
454 1 466
466 2 467
467 3 468
468 4 469
469 5 470
470 6 471
471 1 472
472 2 484
484 3 485
485 4 486
486 5 487
487 6 488
488 1 489
489 2 490
490 3 498
498 4 499
499 5 500
500 6 501
501 1 502
502 2 503
503 3 504
504 4 510
510 5 511
511 6 512
512 1 513
513 2 514
514 3 515
515 4 516
516 5 510
510 6 511
511 1 512
512 2 513
513 3 514
514 4 515
515 5 516
516 6 518
518 1 519
519 2 520
520 3 521
521 4 522
522 5 523
523 6 524
524 1 518
518 2 519
519 3 520
520 4 521
521 5 522
522 6 523
523 1 524
524 2 524
524 3 525
525 4 526
526 5 527
527 6 528
528 1 529
529 2 530
530 3 524
524 4 525
525 5 526
526 6 527
527 1 528
528 2 529
529 3 530
530 4 535
535 5 536
536 6 537
537 1 538
538 2 539
539 3 540
540 4 541
541 5 546
546 6 547
547 1 548
548 2 549
549 3 550
550 4 551
551 5 552
552 6 561
561 1 562
562 2 563
563 3 564
564 4 565
565 5 566
566 6 567
567 1 581
581 2 582
582 3 583
583 4 584
584 5 585
585 6 586
586 1 587
587 2 610
610 3 611
611 4 612
612 5 613
613 6 614
614 1 615
615 2 616
616 3 636
636 4 637
637 5 638
638 6 639
639 1 640
640 2 641
641 3 642
642 4 655
655 5 656
656 6 657
657 1 658
658 2 659
659 3 660
660 4 661
661 5 669
669 6 670
670 1 671
671 2 672
672 3 673
673 4 674
674 5 675
675 6 680
680 1 681
681 2 682
682 3 683
683 4 684
684 5 685
685 6 686
686 1 687
687 2 688
688 3 689
689 4 690
690 5 691
691 6 692
692 1 693
693 2 687
687 3 688
688 4 689
689 5 690
690 6 691
691 1 692
692 2 693
693 3 701
701 4 702
702 5 703
703 6 704
704 1 705
705 2 706
706 3 707
707 4 701
701 5 702
702 6 703
703 1 704
704 2 705
705 3 706
706 4 707
707 5 694
694 6 695
695 1 696
696 2 697
697 3 698
698 4 699
699 5 700
700 6 687
687 1 688
688 2 689
689 3 690
690 4 691
691 5 692
692 6 693
693 1 677
677 2 678
678 3 679
679 4 680
680 5 681
681 6 682
682 1 683
683 2 664
664 3 665
665 4 666
666 5 667
667 6 668
668 1 669
669 2 670
670 3 658
658 4 659
659 5 660
660 6 661
661 1 662
662 2 663
663 3 664
664 4 658
658 5 659
659 6 660
660 1 661
661 2 662
662 3 663
663 4 664
664 5 664
664 6 665
665 1 666
666 2 667
667 3 668
668 4 669
669 5 670
670 6 786
786 1 787
787 2 788
788 3 789
789 4 790
790 5 791
791 6 792
792 1 743
743 2 744
744 3 745
745 4 746
746 5 747
747 6 748
748 1 749
749 2 735
735 3 736
736 4 737
737 5 738
738 6 739
739 1 740
740 2 741
741 3 742
742 4 743
743 5 744
744 6 745
745 1 746
746 2 747
747 3 748
748 4 753
753 5 754
754 6 755
755 1 756
756 2 757
757 3 758
758 4 759
759 5 1129
1129 6 1130
1130 1 1131
1131 2 1132
1132 3 1133
1133 4 1134
1134 5 1135
1135 6 1153
1153 1 1154
1154 2 1155
1155 3 1156
1156 4 1157
1157 5 1158
1158 6 1159
1159 1 1140
1140 2 1141
1141 3 1142
1142 4 1143
1143 5 1144
1144 6 1145
1145 1 1146
1146 2 1115
1115 3 1116
1116 4 1117
1117 5 1118
1118 6 1119
1119 1 1120
1120 2 1121
1121 3 1095
1095 4 1096
1096 5 1097
1097 6 1098
1098 1 1099
1099 2 1100
1100 3 1101
1101 4 1078
1078 5 1079
1079 6 1080
1080 1 1081
1081 2 1082
1082 3 1083
1083 4 1084
1084 5 1067
1067 6 1068
1068 1 1069
1069 2 1070
1070 3 1071
1071 4 1072
1072 5 1073
1073 6 1049
1049 1 1050
1050 2 1051
1051 3 1052
1052 4 1053
1053 5 1054
1054 6 1055
1055 1 1028
1028 2 1029
1029 3 1030
1030 4 1031
1031 5 1032
1032 6 1033
1033 1 1034
1034 2 991
991 3 992
992 4 993
993 5 994
994 6 995
995 1 996
996 2 997
997 3 957
957 4 958
958 5 959
959 6 960
960 1 961
961 2 962
962 3 963
963 4 942
942 5 943
943 6 944
944 1 945
945 2 946
946 3 947
947 4 948
948 5 942
942 6 943
943 1 944
944 2 945
945 3 946
946 4 947
947 5 948
948 6 955
955 1 956
956 2 957
957 3 958
958 4 959
959 5 960
960 6 961
961 1 972
972 2 973
973 3 974
974 4 975
975 5 976
976 6 977
977 1 978
978 2 1004
1004 3 1005
1005 4 1006
1006 5 1007
1007 6 1008
1008 1 1009
1009 2 1010
1010 3 1046
1046 4 1047
1047 5 1048
1048 6 1049
1049 1 1050
1050 2 1051
1051 3 1052
1052 4 1085
1085 5 1086
1086 6 1087
1087 1 1088
1088 2 1089
1089 3 1090
1090 4 1091
1091 5 1126
1126 6 1127
1127 1 1128
1128 2 1129
1129 3 1130
1130 4 1131
1131 5 1132
1132 6 1156
1156 1 1157
1157 2 1158
1158 3 1159
1159 4 1160
1160 5 1161
1161 6 1162
1162 1 1179
1179 2 1180
1180 3 1181
1181 4 1182
1182 5 1183
1183 6 1184
1184 1 1185
1185 2 1186
1186 3 1187
1187 4 1188
1188 5 1189
1189 6 1190
1190 1 1191
1191 2 1192
1192 3 1186
1186 4 1187
1187 5 1188
1188 6 1189
1189 1 1190
1190 2 1191
1191 3 1192
1192 4 1186
1186 5 1187
1187 6 1188
1188 1 1189
1189 2 1190
1190 3 1191
1191 4 1192
1192 5 1186
1186 6 1187
1187 1 1188
1188 2 1189
1189 3 1190
1190 4 1191
1191 5 1192
1192 6 1175
1175 1 1176
1176 2 1177
1177 3 1178
1178 4 1179
1179 5 1180
1180 6 1181
1181 1 1152
1152 2 1153
1153 3 1154
1154 4 1155
1155 5 1156
1156 6 1157
1157 1 1158
1158 2 1134
1134 3 1135
1135 4 1136
1136 5 1137
1137 6 1138
1138 1 1139
1139 2 1140
1140 3 1123
1123 4 1124
1124 5 1125
1125 6 1126
1126 1 1127
1127 2 1128
1128 3 1129
1129 4 1117
1117 5 1118
1118 6 1119
1119 1 1120
1120 2 1121
1121 3 1122
1122 4 1123
1123 5 1134
1134 6 1135
1135 1 1136
1136 2 1137
1137 3 1138
1138 4 1139
1139 5 1140
1140 6 1145
1145 1 1146
1146 2 1147
1147 3 1148
1148 4 1149
1149 5 1150
1150 6 1151
1151 1 1151
1151 2 1152
1152 3 1153
1153 4 1154
1154 5 1155
1155 6 1156
1156 1 1157
1157 2 1159
1159 3 1160
1160 4 1161
1161 5 1162
1162 6 1163
1163 1 1164
1164 2 1165
1165 3 1369
1369 4 1370
1370 5 1371
1371 6 1372
1372 1 1373
1373 2 1374
1374 3 1375
1375 4 1443
1443 5 1444
1444 6 1445
1445 1 1446
1446 2 1447
1447 3 1448
1448 4 1449
1449 5 1443
1443 6 1444
1444 1 1445
1445 2 1446
1446 3 1447
1447 4 1448
1448 5 1449
